xcenter = 379.7443637922779
ycenter = 245.35102337826163
factor0 = 1.001233851278942
factor1 = -1.186615663056612e-05
factor2 = -2.612178348227079e-07
factor3 = -7.68119449785009e-11
factor4 = 2.5298303389491034e-13
