xcenter = 3026.7004060122363
ycenter = 1954.7877045505386
factor0 = 1.0006505802304582
factor1 = 9.356078004369791e-07
factor2 = -6.251926726523592e-09
factor3 = 6.494708719104139e-13
factor4 = -4.181335792473491e-17
